956.795
1411.470
106.375
110.392
670.616
673.867
742.202
1319.637
651.898
661.128
491.794
702.768
478.037
787.835
1207.126
422.685
131.367
836.181
1673.342
1791.027
506.855
1999.805
1516.550
779.256
822.887
653.840
459.047
907.152
1946.044
1426.414
1039.452
1451.108
1671.947
467.826
569.871
1796.527
1857.242
631.532
1128.617
587.460
1172.732
1495.775
1885.409
502.273
1644.414
1466.337
1626.147
206.718
1167.854
1309.394
1086.459
1105.203
121.840
268.807
917.206
1227.365
1469.666
824.445
1890.933
950.238
1320.680
647.244
815.987
1966.371
1430.877
502.708
1254.625
1565.157
1149.336
947.434
942.877
498.495
367.223
1952.987
1983.281
1252.528
1097.847
378.049
1926.823
1744.815
609.901
1193.313
1977.495
1810.689
751.566
1743.907
1141.864
233.874
340.537
211.417
106.874
1514.637
1154.335
611.695
1261.817
1153.773
1836.383
1235.603
285.001
162.680
